33
97
32
59
48
21
78
14
66
44
47
76
85
13
42
37
18
87
58
84
55
86
47
11
75
57
23
42
53
34
75
71
27
37
81
44
92
34
77
91
64
88
48
94
68
99
92
25
44
63
75
26
86
66
44
21
14
33
36
87
96
34
78
96
32
87
63
45
51
66
67
77
16
82
76
44
46
57
64
43
45
31
82
51
77
63
13
59
99
84
69
48
41
24
77
82
88
86
59
51
64
22
32
33
33
77
22
78
28
95
41
46
49
11
18
49
39
55
73
96
17
51
23
29
36
79
73
99
79
85
88
29
45
39
33
58
16
51
96
76
79
45
43
13
89
79
18
36
61
56
62
38
73
29
25
81
18
92
63
69
46
34
83
63
88
38
85
94
31
92
83
66
15
65
18
22
88
35
67
54
65
11
55
39
99
27
44
41
88
91
73
45
48
78
64
28
56
88
87
99
65
54
59
87
25
81
87
59
61
79
74
37
69
81
82
78
72
88
37
39
75
91
82
66
72
52
22
57
77
62
61
13
56
57
78
44
39
82
18
44
64
11
85
58
55
68
72
14
33
23
25
95
78
69
98
43
68
57
48
82
26
88
18
27
11
83
46
46
59
34
79
75
47
21
66
84
21
33
18
11
55
77
22
25
22
54
46
18
57
16
22
18
77
44
84
24
89
76
79
11
45
65
95
61
12
11
58
82
54
88
34
26
22
82
85
66
51
22
63
45
44
26
44
44
85
27
53
38
19
34
27
44
68
33
68
88
55
73
26
53
93
93
72
81
25
91
46
11
66
56
15
94
63
64
99
91
77
43
95
56
44
67
44
97
47
39
27
89
31
25
96
39
58
82
71
45
21
55
11
23
59
99
35
75
34
14
22
62
55
76
21
93
96
34
99
64
11
78
47
93
98
27
81
45
99
88
68
18
65
43
42
93
83
72
22
21
33
86
25
16
71
94
36
33
82
23
84
21
68
61
68
73
73
62
11
45
78
44
39
95
17
16
18
37
81
77
17
88
14
55
11
92
91
11
26
66
84
99
72
69
96
14
68
77
29
38
55
26
65
41
18
95
99
75
83
33
81
26
86
49
13
41
93
92
15
62
21
36
46
22
49
18
25
79
87
66
24
22
56
37
59
82
11
99
69
65
53
64
35
47
22
19
18
99
58
44
91
35
57
28
58
99
33
71
34
86
74
13
93
65
23
95
86
77
77
56
55
44
27
11
64
31
22
55
82
41
25
13
45
87
65
35
55
16
16
95
67
66
73
81
82
87
49
85
97
17
88
11
72
96
55
46
78
33
71
78
37
71
54
53
55
84
73
75
35
92
89
49
61
54
77
84
44
77
66
94
51
97
76
29
73
11
88
77
96
78
69
11
85
91
31
88
44
47
42
22
97
39
82
42
36
91
44
21
36
88
55
23
27
86
48
27
49
25
55
32
75
79
99
22
94
22
78
75
38
11
89
53
52
14
22
49
61
88
33
27
98
99
44
52
13
61
31
47
82
27
83
81
33
23
71
22
19
92
12
45
36
32
58
72
77
36
71
86
81
75
29
99
17
79
93
13
46
91
49
41
17
16
39
35
34
44
49
18
99
71
22
29
15
45
84
94
71
26
61
62
97
87
56
58
12
99
63
48
69
63
81
41
31
35
99
18
12
44
25
35
67
63
25
95
77
37
71
36
14
33
89
99
11
47
47
12
88
66
28
42
44
16
33
58
71
95
97
56
25
59
44
79
97
32
34
33
27
62
69
55
45
62
78
42
37
33
11
95
35
91
75
19
76
16
22
97
95
47
75
55
51
11
67
33
74
54
98
51
12
63
16
63
64
75
83
56
23
55
45
33
66
54
57
55
71
45
76
29
68
79
63
43
29
64
78
81
78
78
93
12
28
59
33
98
83
23
92
66
35
62
15
22
45
44
21
57
93
29
57
52
45
53
81
78
22
99
17
69
71
37
58
85
95
42
82
82
76
83
44
43
22
27
59
97
33
14
88
96
62
44
99
15
44
68
87
73
21
41
39
81
17
12
25
14
77
43
72
61
71
16
79
57
81
84
91
66
19
41
48
83
95
29
89
87
19
44
79
99
42
66
39
82
64
41
32
22
37
48
27
11
19
22
26
31
37
58
44
67
33
89
44
63
17
23
79
48
83
19
77
87
88
71
24
39
25
11
16
44
35
44
53
67
48
57
69
91
62
24
33
68
46
41
98
95
52
72
15
44
14
77
23
43
88
55
84
89
47
44
33
71
36
83
62
77
